0.0,170,26.4,42.4,26.8,49.9,45.9
170.0,0,166.0,151.0,159.0,184.0,130.0
26.4,166,0.0,16.1,28.1,71.2,43.1
42.4,151,16.1,0.0,27.3,62.3,29.8
26.8,159,28.1,27.3,0.0,35.1,29.8
49.9,184,71.2,62.3,35.1,0.0,64.9
45.9,130,43.1,29.8,29.8,64.9,0.0